815,362
558,343
124,589
433,134
547,146
394,341
730,356
146,879
74,610
214,610
308,487
187,371
702,315
699,11
830,341
856,493
664,19
819,478
265,932
489,32
480,439
387,913
558,279
58,718
90,154
298,79
715,78
603,32
441,367
719,67
7,352
956,184
684,336
202,323
87,586
473,346
797,143
432,88
38,969
106,840
269,277
930,14
563,188
488,770
404,215
38,136
702,16
489,18
832,387
155,748
224,884
531,508
480,300
75,340
481,779
39,916
520,125
909,172
150,665
629,312
778,24
129,364
62,38
228,895
673,388
81,352
367,870
555,31
420,478
742,225
192,298
912,184
372,707
380,184
376,891
583,613
709,154
16,524
192,866
755,78
415,242
294,705
871,414
469,761
3,407
281,292
628,710
80,598
440,638
107,468
682,472
17,936
307,270
591,578
3,192
684,577
217,516
823,354
727,438
330,137
231,791
941,186
813,137
796,527
242,664
880,174
480,778
587,433
533,845
506,51
152,168
837,111
11,81
234,606
673,729
692,175
394,297
525,682
490,526
682,25
122,395
123,391
811,179
847,414
601,36
78,573
559,179
599,176
422,577
855,173
139,119
366,807
693,57
193,278
390,785
967,111
962,228
227,729
731,133
28,171
594,76
794,233
90,925
842,458
164,678
539,630
889,361
740,387
415,895
124,430
624,643
83,339
702,102
464,350
853,480
641,407
877,134
964,260
95,653
474,680
524,551
384,236
265,179
777,87
356,198
575,109
838,237
548,680
266,357
381,594
917,290
590,11
158,426
332,568
66,27
260,469
865,432
21,825
19,716
90,286
1,192
563,425
344,632
715,463
594,620
151,884
86,948
488,387
595,218
309,603
711,177
11,442
77,289
942,50
114,6
374,699
61,35
42,256
351,154
101,485
467,575
86,217
53,157
298,591
689,448
85,77
459,552
939,112
166,760
43,244
588,23
27,647
931,134
275,767
784,460
57,115
151,261
587,293
213,3
783,555
839,24
70,245
721,641
167,260
440,712
231,518
735,501
726,210
526,707
716,425
77,873
838,192
171,515
157,86
124,696
198,807
324,890
160,837
346,917
967,101
834,14
976,10
324,228
397,560
420,221
353,293
202,388
151,790
430,811
294,578
249,405
62,741
878,222
572,265
523,142
684,601
579,95
549,694
582,716
543,561
800,582
203,348
153,953
64,38
17,310
175,452
50,740
501,408
779,168
284,596
931,127
149,599
614,224
827,10
949,249
346,442
256,854
815,121
1,780
591,416
134,474
354,792
4,553
401,282
793,154
708,12
274,254
375,741
216,629
673,717
740,191
546,621
313,116
568,135
734,204
798,292
359,347
224,159
837,287
730,40
542,217
837,101
697,684
380,384
604,128
118,626
407,785
482,200
621,478
789,138
843,265
715,539
287,146
624,396
81,967
390,135
475,433
905,80
254,196
787,243
404,298
510,443
305,947
310,879
543,572
962,133
185,716
137,911
430,141
557,610
106,71
499,87
746,4
383,329
327,895
305,840
726,149
211,782
499,600
844,182
310,796
164,983
417,660
433,537
535,46
376,922
295,266
192,764
266,438
680,443
66,399
196,234
99,573
773,224
666,10
397,383
755,465
304,451
772,158
245,480
82,16
637,388
824,499
651,533
725,390
464,774
167,810
315,92
722,494
855,350
949,152
446,504
299,275
570,658
408,828
877,292
340,231
643,389
263,358
217,528
1,818
950,250
146,974
199,91
117,416
417,879
151,764
263,728
758,606
364,458
708,308
842,387
147,718
81,908
50,571
443,216
485,753
60,856
924,320
502,752
34,252
515,282
692,389
5,758
526,185
77,910
516,26
791,446
132,703
235,102
329,270
493,848
29,79
367,594
65,25
308,387
672,480
384,487
629,251
787,561
393,856
597,390
279,318
849,80
154,40
886,422
177,882
507,83
304,404
920,204
826,177
465,383
388,680
381,468
449,619
254,878
552,807
683,367
913,146
26,351
434,687
440,799
64,653
122,604
166,820
469,437
704,3
630,180
520,465
901,401
74,740
100,265
357,223
529,790
581,11
703,542
110,216
597,51
221,356
305,795
102,983
9,917
844,43
877,452
641,28
626,770
860,37
171,766
93,168
15,27
472,613
224,680
1,939
790,432
899,179
573,243
842,397
155,72
344,811
799,111
296,706
283,836
386,296
429,362
627,44
16,271
812,148
2,953
904,385
135,639
886,454
4,940
552,329
555,750
102,924
122,672
122,667
318,843
126,63
162,390
137,972
531,178
46,889
312,72
445,891
123,359
184,791
292,498
674,39
3,155
23,188
671,71
532,510
430,349
221,818
623,364
969,63
164,708
325,205
129,343
785,40
793,511
701,187
402,437
176,122
198,614
204,876
828,396
88,168
579,804
790,305
721,347
291,195
318,868
757,651
729,177
400,488
229,442
567,405
406,18
525,768
347,697
271,95
589,182
73,394
142,597
621,384
715,530
548,236
135,224
444,348
274,671
262,917
177,809
691,549
368,852
263,177
809,454
473,864
248,704
195,942
256,20
278,395
28,789
142,229
463,452
330,168
296,271
495,387
830,516
407,70
650,118
115,100
885,353
266,541
470,158
480,397
81,835
715,372
749,383
684,685
104,803
596,710
316,361
110,923
116,940
54,562
604,589
284,672
457,440
454,832
6,225
61,852
724,75
54,695
348,910
569,86
536,35
611,493
435,480
635,494
625,534
668,194
567,610
121,354
865,156
462,193
152,401
100,323
43,667
571,365
208,796
603,332
90,666
900,373
223,294
306,330
484,333
327,237
338,433
388,112
892,192
975,64
953,266
890,130
516,680
206,251
656,640
8,440
234,409
152,14
556,475
627,721
427,60
506,373
222,542
747,483
733,484
367,259
501,143
221,171
931,293
474,498
357,833
1,319
187,828
134,226
108,382
228,725
437,179
827,235
689,130
943,274
656,385
771,253
10,803
236,184
699,217
644,699
238,892
625,237
202,623
189,79
552,403
669,521
250,45
343,58
264,249
625,666
194,555
278,385
527,722
967,26
875,479
594,575
437,565
10,338
15,904
863,240
701,676
949,222
745,403
185,370
266,216
269,306
162,198
514,124
411,157
636,375
528,506
698,431
749,488
49,303
796,580
159,465
921,149
453,752
133,517
259,925
187,947
743,335
64,255
449,193
654,684
561,471
648,109
897,28
661,271
604,770
820,268
457,210
636,610
662,599
88,206
995,2
581,344
471,294
28,612
696,130
850,421
673,192
28,759
147,570
888,257
854,316
167,854
137,121
909,13
797,94
255,324
512,585
149,798
536,305
192,560
460,271
647,320
779,538
92,645
152,640
769,483
882,83
518,365
83,304
172,956
617,79
538,682
353,443
584,171
432,850
424,348
29,140
635,126
49,524
208,783
337,234
194,929
35,128
97,947
332,872
243,860
163,909
385,819
328,258
677,250
364,155
523,108
116,588
718,634
567,430
636,233
631,538
407,761
444,142
509,219
419,298
853,90
196,716
399,378
913,394
861,41
490,18
842,515
509,662
669,389
89,583
16,892
902,296
22,684
532,178
703,564
655,570
298,219
379,791
444,194
399,510
509,609
715,321
28,940
604,166
71,378
217,6
740,574
401,298
33,520
940,255
251,370
873,286
876,107
338,862
547,9
320,678
181,849
418,862
145,75
202,795
193,107
7,594
189,28
130,585
813,220
328,456
118,847
520,33
472,355
44,216
359,907
107,678
180,400
37,485
37,602
656,447
348,517
450,214
414,254
73,335
494,652
242,285
528,388
85,256
3,573
46,455
957,98
218,314
956,23
950,238
505,94
83,863
10,654
417,46
891,145
173,245
663,75
44,479
181,656
468,881
758,135
448,301
417,393
201,176
452,263
135,565
870,415
131,101
473,31
734,283
30,849
929,4
778,113
688,571
638,714
195,697
302,260
755,627
400,278
707,487
166,388
991,109
634,730
782,605
644,611
19,199
112,15
883,302
642,96
204,294
809,512
68,73
157,110
231,586
393,615
174,128
30,553
355,488
147,341
456,792
51,332
25,42
173,350
533,129
567,604
305,823
29,15
700,662
52,920
7,64
981,106
557,713
73,627
923,336
78,471
855,83
453,442
182,288
820,423
151,232
650,694
252,483
699,358
459,699
686,146
329,673
781,579
62,79
47,702
105,687
182,140
566,823
279,245
36,405
556,220
381,615
65,424
263,561
99,283
7,360
727,283
49,729
760,201
134,101
447,665
607,312
581,140
690,97
677,52
199,485
461,841
715,288
92,688
482,443
863,257
74,414
651,371
21,723
840,509
373,347
891,434
797,121
274,563
617,146
545,365
163,571
675,108
206,94
466,309
87,646
202,627
432,63
798,381
161,146
280,751
32,599
320,460
206,34
744,640
607,752
102,829
374,55
745,493
514,323
820,137
437,38
834,71
716,375
759,134
123,870
260,57
809,10
797,101
10,620
297,863
462,221
370,336
335,79
194,384
831,87
741,70
511,76
602,92
900,208
270,71
272,132
487,108
236,601
271,513
737,33
549,278
43,121
673,49
119,164
376,842
519,727
594,571
467,474
860,431
412,114
261,30
243,660
57,335
532,554
296,321
279,520
196,75
407,428
426,446
174,308
151,887
44,371
294,952
233,761
686,693
709,590
55,69
165,266
124,657
224,782
192,771
986,120
825,77
358,763
446,228
11,542
95,435
812,150
330,624
290,721
586,520
301,646
257,747
266,126
284,869
360,707
337,924
513,323
365,819
789,244
677,618
651,395
866,104
231,921
14,242
455,443
934,168
3,695
323,390
479,845
418,444
802,338
530,434
222,221
665,290
295,190
817,108
782,595
366,656
606,188
712,695
236,629
80,891
719,488
318,575
147,262
217,266
298,218
134,471
675,686
667,399
588,96
693,393
861,112
5,885
679,451
345,297
394,401
117,32
93,428
487,410
539,325
883,31
15,797
293,688
753,377
723,128
696,381
352,528
310,548
355,696
611,16
146,526
816,52
161,181
354,678
576,286
628,559
437,604
371,519
279,127
961,215
182,426
489,274
744,217
485,355
318,133
168,879
213,886
716,59
88,19
101,760
409,677
825,373
880,448
719,688
340,457
350,462
577,516
466,48
653,670
944,311
384,818
87,608
977,212
232,836
200,798
86,292
839,313
173,844
709,40
128,736
250,836
461,440
787,393
557,516
393,294
31,534
452,2
646,114
103,34
786,347
459,516
42,527
306,717
211,750
596,335
398,233
28,411
251,302
408,165
53,481
273,57
306,812
809,272
96,241
244,940
88,422
21,224
136,591
469,611
415,403
782,578
825,210
897,213
316,643
293,353
313,752
501,775
302,638
664,8
414,798
767,190
35,590
173,341
428,867
383,301
377,526
604,794
946,257
695,386
465,343
874,182
909,349
171,539
500,220
281,377
565,567
334,612
99,640
464,283
957,150
301,14
598,747
685,141
70,122
567,797
790,20
212,910
150,538
703,531
733,466
989,106
649,551
10,505
80,162
190,877
748,48
279,201
381,495
31,86
385,115
22,503
155,296
85,984
756,15
906,218
364,310
329,778
828,76
416,295
841,522
196,24
135,737
97,454
961,95
901,359
70,822
168,237
397,135
308,476
648,136
901,142
595,308
507,57
569,509
844,157
222,371
500,387
620,154
519,339
570,612
438,359
725,597
365,128
156,4
781,24
619,464
841,14
199,184
609,102
92,473
789,163
30,601
2,284
191,393
141,882
180,464
465,169
265,508
300,537
440,661
158,895
102,216
74,230
732,12
574,623
120,94
483,410
839,379
169,39
539,148
122,53
41,440
284,457
239,375
787,419
380,851
779,123
813,83
130,441
169,71
98,189
912,158
521,166
462,482
298,756
222,477
108,616
406,624
381,147
590,165
229,784
442,434
868,406
26,193
273,267
128,420
235,226
300,798
297,65
793,563
82,919
304,747
837,459
94,65
120,86
676,556
165,40
906,323
721,663
372,739
860,433
833,367
540,344
431,756
687,405
317,215
775,608
289,799
465,629
404,134
884,260
640,629
127,31
835,185
43,536
310,843
45,506
791,310
754,271
356,375
160,786
91,146
267,352
142,113
21,565
306,669
144,782
595,372
962,151
818,283
260,777
618,377
563,547
448,178
400,666
713,76
580,212
299,719
432,593
483,146
501,461
62,950
463,733
821,482
114,864
54,734
30,153
903,147
335,918
308,822
775,84
260,76
520,511
121,548
112,26
770,549
228,456
366,864
92,622
458,132
624,602
787,185
898,378
300,178
230,555
249,216
305,71
502,663
288,257
563,17
431,36
31,729
131,344
311,466
480,497
332,897
872,194
388,783
306,755
539,318
732,205
392,262
657,97
4,34
212,43
445,65
360,368
179,736
470,191
612,561
829,145
308,433
620,568
226,407
627,513
130,71
89,822
713,655
7,424
915,371
38,762
506,852
357,104
351,277
144,460
77,617
42,723
234,86
211,756
752,164
516,501
64,925
381,581
313,650
726,599
769,638
235,590
144,162
425,757
292,692
341,219
474,282
707,241
496,348
82,712
31,568
137,411
490,753
640,343
232,208
219,553
305,600
620,18
133,980
725,677
204,123
289,283
345,934
503,659
724,221
600,260
177,897
442,729
420,890
620,172
363,842
165,254
258,598
685,332
781,400
63,791
174,447
425,788
707,406
367,204
585,410
406,550
660,601
642,685
786,129
137,144
639,420
853,289
527,185
739,440
395,42
390,249
721,397
64,182
379,540
123,328
60,904
762,437
24,507
580,330
461,220
598,99
632,448
389,770
279,827
586,56
47,643
173,562
111,203
84,589
476,16
223,91
772,111
818,299
139,829
455,785
627,186
338,675
800,44
71,865
44,235
784,299
361,910
242,261
538,687
968,179
262,504
713,645
446,107
315,723
606,41
563,605
570,249
658,265
135,356
43,301
140,874
584,738
780,10
66,505
204,198
318,86
443,718
478,430
250,85
173,168
377,210
380,887
627,560
446,98
374,752
682,95
864,461
468,815
653,264
552,282
376,78
149,449
119,748
325,919
445,543
594,686
915,72
87,130
252,356
241,494
437,886
529,344
688,564
172,293
637,659
601,417
630,371
638,228
601,291
635,295
98,289
513,125
715,236
441,783
506,774
305,656
56,664
175,645
152,320
67,818
224,113
15,384
522,358
783,165
311,910
57,472
154,459
49,815
577,239
745,436
715,666
804,95
463,473
305,95
262,482
438,531
329,204
242,809
737,360
321,924
623,662
608,196
337,425
543,144
217,433
561,375
80,441
825,202
55,879
78,310
255,131
207,542
243,323
759,521
536,586
133,48
926,314
845,3
237,472
561,106
371,455
283,786
792,102
46,583
589,23
624,601
274,744
78,681
559,206
914,98
273,571
105,391
592,397
295,660
519,690
430,608
399,490
197,869
537,746
84,162
626,313
850,472
357,207
28,14
200,285
685,459
528,741
665,594
34,317
786,228
182,396
111,355
540,190
648,139
3,352
297,394
572,785
65,751
120,738
505,432
465,801
494,274
52,293
832,150
241,638
579,132
692,553
343,751
802,441
218,448
623,375
225,50
601,129
678,319
165,616
529,44
742,255
282,395
189,129
975,204
886,254
891,82
723,522
390,846
382,847
833,190
317,356
259,741
95,481
401,324
303,557
367,854
686,464
284,485
438,555
545,268
317,489
370,760
707,446
123,451
770,365
153,932
359,21
489,607
103,230
697,386
129,383
360,163
876,94
341,649
822,459
626,587
192,971
296,23
328,587
786,466
551,526
372,57
273,836
466,189
891,239
56,173
22,942
760,435
746,550
839,229
521,629
639,448
255,318
261,873
333,657
151,318
927,228
517,225
521,483
616,36
392,561
584,710
263,70
555,610
844,154
253,672
7,376
26,320
339,408
573,582
126,283
323,620
495,1
682,5
725,455
941,275
124,782
482,535
52,505
235,643
519,305
718,429
237,97
251,689
882,16
34,275
492,587
363,889
381,59
531,689
937,326
398,583
756,616
25,375
585,327
605,23
572,189
447,599
813,78
409,683
695,535
24,605
407,318
840,150
536,826
389,498
636,273
812,558
330,429
445,228
30,242
239,118
897,302
22,274
308,229
358,263
269,619
428,43
218,803
341,570
406,347
942,158
158,934
66,712
373,826
816,293
84,545
107,590
129,97
59,66
13,785
125,70
514,704
561,176
59,616
565,349
341,108
576,739
105,42
221,712
254,850
640,527
540,24
196,407
81,193
647,731
74,595
213,901
70,600
11,771
683,152
333,295
514,515
583,731
81,814
739,275
409,324
291,787
163,534
922,238
352,152
238,131
476,592
128,328
876,263
820,234
575,655
950,145
843,275
271,611
850,423
402,596
108,690
177,288
515,827
502,402
28,526
15,190
62,12
264,229
36,437
634,433
485,378
154,456
515,405
272,494
869,336
240,232
903,143
892,355
375,92
518,161
115,137
502,289
188,22
289,618
264,570
482,550
90,270
509,505
388,299
559,186
76,743
746,515
346,36
309,39
184,118
883,456
82,201
524,322
412,309
416,383
171,479
163,413
392,317
325,910
537,579
524,418
878,461
562,132
147,649
210,279
309,563
512,368
735,258
792,54
639,569
152,376
333,170
873,5
460,449
758,531
868,346
137,238
204,66
93,102
551,720
946,219
217,601
396,249
10,732
511,723
482,632
422,397
377,474
209,644
677,43
706,174
849,328
322,841
62,575
383,666
91,582
260,378
267,318
247,95
487,870
169,811
442,671
577,89
255,248
207,552
221,937
844,367
783,312
378,642
520,314
29,430
213,403
188,9
635,353
759,163
221,860
399,195
279,818
154,485
762,297
349,91
135,745
268,791
113,490
51,54
285,509
618,605
341,104
422,619
327,869
554,700
28,716
253,511
71,791
497,59
676,218
433,661
437,207
918,351
196,842
176,901
537,63
274,475
207,933
399,678
520,719
45,959
661,115
275,122
505,662
21,421
831,458
395,422
487,197
362,412
806,354
505,35
525,66
625,344
283,685
533,608
52,562
216,56
190,107
419,266
25,325
425,428
438,132
659,502
89,108
77,536
743,292
12,562
411,186
832,305
368,424
793,602
505,634
136,154
570,122
545,748
350,237
173,235
188,659
906,407
593,511
41,959
647,280
433,241
302,331
137,778
698,479
559,564
149,219
592,25
364,42
33,781
731,283
484,810
608,404
8,380
586,660
304,313
294,790
709,501
332,380
308,269
631,329
476,654
359,755
617,295
512,793
392,858
682,317
348,747
841,56
610,668
647,338
394,493
439,784
569,186
418,515
347,794
384,61
746,50
617,573
938,162
637,42
140,177
729,515
646,708
790,404
64,47
838,292
890,68
508,805
78,478
306,180
494,13
223,905
285,46
146,145
807,52
557,376
680,610
960,280
919,289
840,311
947,82
50,554
772,218
339,521
392,747
377,847
651,240
27,828
48,749
579,213
131,47
277,717
176,164
216,153
225,89
473,379
931,131
564,611
961,220
682,659
513,34
619,349
706,494
699,512
258,574
30,148
840,52
267,441
48,109
234,145
778,623
491,10
903,52
132,445
543,726
859,86
740,455
41,84
282,282
381,195
551,384
47,846
673,65
192,675
149,546
66,42
9,566
250,320
98,614
657,127
395,334
353,837
707,649
181,13
148,408
31,333
154,209
760,224
311,449
663,443
604,473
128,212
529,653
78,668
602,25
403,557
632,546
139,356
154,650
479,644
412,202
602,166
327,873
413,611
175,301
616,660
658,496
131,562
302,500
618,314
487,431
163,392
102,464
372,831
801,341
720,526
911,85
5,820
412,270
233,175
141,275
271,151
332,263
629,753
48,496
78,108
779,548
263,477
771,228
190,961
449,627
328,858
17,268
783,107
618,148
48,894
424,238
942,142
691,182
359,226
500,834
404,31
219,330
725,526
303,623
331,643
239,909
891,342
946,273
862,423
182,198
901,426
213,477
717,146
457,743
379,367
569,88
320,621
209,570
501,195
250,850
113,124
182,429
656,163
470,425
250,794
508,180
858,14
655,737
152,763
210,213
440,603
46,403
330,139
556,297
467,656
422,883
247,731
133,964
175,461
185,270
381,546
409,108
102,310
404,321
249,320
600,637
417,838
309,294
374,268
915,295
467,507
644,626
326,236
381,330
77,403
479,786
620,2
503,516
162,624
261,740
340,770
545,248
81,970
384,89
691,634
325,912
312,96
500,601
167,363
852,220
76,940
539,102
156,944
372,215
453,364
446,391
145,319
543,485
14,967
6,281
749,530
124,121
211,467
175,618
121,11
51,981
584,619
484,13
9,962
176,499
262,715
233,180
587,351
901,126
490,432
127,541
210,492
310,96
221,224
12,788
717,447
405,225
35,692
375,253
428,116
520,739
719,461
198,308
533,234
100,547
238,831
65,659
22,300
306,817
453,360
905,157
38,993
855,416
296,642
564,576
386,263
852,368
448,377
478,474
816,535
564,447
822,420
361,461
300,729
478,816
281,201
379,448
351,619
744,617
784,444
46,28
90,765
11,248
792,422
962,171
799,204
164,878
829,58
231,27
448,650
53,712
279,29
373,1
284,97
465,239
443,641
466,661
438,582
893,199
347,856
374,926
397,295
623,589
278,577
240,948
478,286
793,18
282,446
555,147
142,468
948,71
532,471
792,71
551,506
460,513
295,203
205,556
794,587
42,701
738,582
691,439
823,547
86,592
198,615
375,287
197,205
984,153
903,322
670,236
884,205
700,5
596,464
167,172
436,820
380,567
63,334
507,250
413,901
794,143
427,703
255,14
125,449
284,686
695,602
748,292
630,605
109,989
322,317
392,768
420,86
642,420
743,198
817,527
372,33
71,457
593,736
425,536
805,534
186,660
97,436
48,367
371,75
541,388
55,798
402,789
228,244
387,187
736,334
578,303
257,679
426,13
167,226
206,176
83,178
112,661
100,67
216,866
178,943
594,38
214,524
252,78
717,168
624,110
456,185
365,900
103,526
628,239
300,786
193,225
43,977
687,371
235,849
41,232
182,187
459,420
109,820
103,93
240,624
150,640
28,462
433,862
217,714
832,363
387,672
309,356
190,214
941,168
606,61
9,921
404,54
22,620
292,93
46,354
213,955
63,970
302,794
408,741
356,662
259,513
961,6
132,332
138,6
607,13
240,526
187,558
279,295
225,611
182,620
735,504
530,666
560,812
949,11
822,419
424,503
98,961
525,714
725,444
501,604
256,269
138,883
254,671
196,365
735,595
362,525
883,128
318,869
131,80
731,78
101,931
362,780
166,258
338,709
466,202
206,541
797,590
561,645
389,215
820,286
528,3
308,643
616,372
674,652
342,816
92,480
273,97
695,199
169,712
84,911
769,454
474,188
901,319
344,577
320,768
712,445
574,631
243,897
275,228
222,874
48,713
436,743
150,805
875,406
396,735
331,343
418,322
279,613
189,755
773,234
750,626
562,203
146,253
758,232
934,132
589,350
757,343
594,585
580,227
542,397
225,675
300,708
387,427
489,126
53,849
355,355
679,551
19,416
937,250
619,552
124,727
210,152
85,669
442,394
182,933
715,614
284,516
762,624
313,883
292,121
38,242
56,94
30,415
107,34
542,655
389,642
265,847
89,629
785,418
875,75
612,780
492,679
375,464
401,189
767,555
678,638
367,39
391,303
237,796
281,709
142,354
462,167
90,973
232,399
362,117
997,38
830,528
504,363
675,342
425,768
169,770
442,842
51,304
56,487
367,869
398,149
740,508
262,793
635,591
747,568
417,68
376,68
544,817
236,111
552,213
828,518
488,1
596,539
8,345
217,751
145,713
581,806
97,810
16,145
691,13
257,483
228,274
912,217
539,818
195,158
84,700
697,241
881,138
246,848
427,586
81,703
556,547
73,582
571,18
573,284
658,445
47,98
51,421
675,704
132,203
530,723
755,282
114,890
335,9
32,470
154,843
106,927
326,118
240,586
592,456
6,68
190,389
445,796
178,763
868,74
84,836
56,51
813,34
328,713
628,3
192,192
371,869
356,899
285,55
991,5
512,679
64,482
896,271
325,125
113,625
78,109
775,501
79,260
370,392
234,778
127,940
723,527
818,498
447,170
205,583
108,719
86,897
163,282
377,557
281,534
734,301
774,495
559,554
107,559
503,353
151,159
70,264
550,742
85,158
36,76
128,7
803,520
350,100
296,721
335,455
147,696
570,542
541,59
464,495
743,129
234,881
718,609
511,376
143,324
986,4
260,111
709,657
417,264
5,111
951,39
66,693
884,112
58,289
256,800
449,590
386,859
537,628
626,777
221,279
346,181
265,150
518,402
813,5
184,468
978,193
288,126
317,871
88,456
240,145
173,698
368,870
33,657
873,469
557,630
453,237
539,45
482,419
85,996
145,135
458,219
47,748
53,928
704,368
205,931
46,764
112,713
224,212
206,598
439,542
432,879
257,607
208,229
178,119
452,256
215,260
501,432
14,372
474,375
404,61
342,169
325,889
870,204
422,835
600,581
549,245
584,767
225,650
101,852
845,226
350,764
690,665
94,443
334,213
185,639
525,103
26,899
83,43
75,935
396,34
450,159
636,315
657,596
414,446
348,22
488,861
833,431
794,129
490,709
590,157
400,44
89,791
147,539
247,748
820,140
610,425
127,519
780,519
814,190
733,169
478,567
354,770
68,348
244,586
228,235
9,478
238,188
252,555
531,603
644,716
224,470
186,32
816,53
108,836
632,713
287,782
666,377
667,65
81,708
176,103
548,320
269,959
793,190
222,608
198,671
116,821
531,267
149,951
914,216
795,382
93,532
921,226
171,921
156,589
247,671
231,920
332,726
672,597
147,946
130,838
240,663
643,421
239,481
182,650
281,805
458,94
69,877
874,289
385,557
187,135
298,921
645,662
85,848
127,917
751,186
663,312
258,252
129,49
79,943
8,287
472,211
358,8
400,14
666,152
94,190
646,205
197,937
475,369
26,209
381,448
333,579
66,549
494,648
738,24
519,287
571,335
877,252
977,46
452,829
99,949
755,455
18,871
207,238
860,152
17,752
470,517
698,6
645,215
301,306
210,813
551,571
416,811
292,501
296,298
811,336
787,140
711,597
491,805
696,470
505,258
24,135
98,484
541,670
607,277
67,192
42,472
166,424
792,231
842,140
409,735
828,458
666,162
621,35
133,806
476,559
172,908
204,181
785,151
741,301
715,485
275,297
67,938
196,10
134,651
119,560
700,265
98,375
35,581
461,524
659,728
318,101
228,12
149,679
294,64
74,814
156,522
757,365
438,141
695,667
64,127
136,310
5,188
458,814
140,176
688,713
468,539
397,671
512,657
783,62
463,38
612,378
335,292
193,848
107,72
452,385
642,531
153,195
874,4
748,520
56,368
576,99
526,810
800,402
514,308
593,751
695,681
303,80
708,57
7,411
337,665
493,698
81,654
62,336
73,965
403,911
366,141
358,756
154,741
533,104
98,747
585,441
349,850
383,519
721,158
819,560
244,779
333,636
32,548
98,22
858,455
573,423
8,994
397,872
868,425
526,91
458,579
256,849
698,394
721,588
857,451
155,224
556,785
501,515
73,454
101,917
596,184
220,449
137,145
260,118
523,251
856,380
884,221
414,59
223,615
326,496
186,225
225,864
860,185
570,684
802,223
703,543
525,107
924,224
976,202
611,229
17,937
594,597
193,172
392,582
219,938
103,236
590,229
566,813
520,57
181,257
33,695
226,699
128,730
197,526
60,244
60,439
235,895
630,65
249,812
152,843
728,611
707,279
190,277
406,591
137,221
933,121
79,531
235,444
524,227
836,431
95,532
586,132
467,68
139,9
790,16
288,942
407,277
650,659
429,793
140,762
507,283
469,649
270,42
489,405
766,491
725,571
97,822
255,506
633,454
831,496
136,602
730,23
347,100
637,515
782,355
301,329
228,376
74,264
346,344
857,241
292,262
168,570
60,556
833,188
878,38
506,55
328,618
578,412
780,342
282,773
674,6
810,311
395,418
96,420
184,194
289,48
512,263
414,126
100,985
519,146
925,273
62,728
930,225
174,575
365,821
606,68
336,257
594,341
834,471
335,492
740,613
489,342
269,790
61,977
341,328
601,415
324,689
153,820
652,80
349,622
350,664
17,711
631,53
215,681
398,235
407,866
78,362
470,742
594,319
102,828
137,196
503,844
146,99
654,135
15,853
503,25
892,430
36,244
561,809
467,19
266,520
116,134
407,722
202,23
409,118
823,245
458,605
2,417
281,820
263,279
771,603
225,574
469,113
333,193
532,489
104,421
400,253
722,596
16,95
336,631
266,28
725,155
32,7
333,435
184,404
75,524
549,512
488,749
843,536
882,279
547,584
227,285
190,351
71,234
531,622
556,500
369,118
648,582
259,616
672,616
107,656
258,263
198,137
769,423
806,1
15,358
982,148
316,386
972,119
471,116
849,163
299,79
562,148
71,895
17,661
395,849
561,126
829,233
391,119
983,50
745,485
360,432
407,647
19,828
157,876
506,163
194,851
477,500
63,945
452,571
293,368
281,672
600,258
792,193
111,868
93,928
936,346
625,175
324,855
902,35
53,908
519,257
900,149
664,146
736,12
47,94
214,56
494,705
463,400
302,666
157,950
112,878
333,430
594,590
295,867
207,681
421,377
214,551
536,61
704,586
362,641
677,556
639,433
453,619
452,670
177,893
259,321
606,326
242,238
594,256
636,72
158,377
598,77
178,177
783,604
193,785
204,553
295,443
208,92
38,308
631,108
223,840
742,68
296,247
749,80
184,327
680,590
886,390
712,645
207,212
465,459
518,846
223,496
4,474
1,892
274,314
895,59
86,266
243,185
356,466
699,115
517,119
602,473
232,954
420,699
784,498
57,365
817,165
219,906
91,47
249,236
640,558
888,169
818,6
896,355
219,160
662,735
19,695
879,330
666,218
885,406
916,137
380,732
133,159
485,391
720,665
813,405
183,178
577,587
357,896
320,282
153,674
670,298
478,618
69,522
367,899
366,892
73,60
641,216
555,259
15,839
318,239
634,328
675,174
257,706
225,421
552,170
695,550
122,623
920,283
241,755
533,651
426,666
650,616
980,94
153,509
50,604
326,537
608,139
982,37
338,396
732,573
595,748
594,742
607,420
19,359
808,231
702,680
453,169
60,311
254,690
307,545
950,239
689,102
609,361
724,688
16,579
514,812
469,557
171,738
750,460
10,163
705,607
475,384
430,539
621,267
953,260
377,248
495,672
626,716
224,648
267,756
379,709
119,512
130,895
469,558
141,673
298,529
305,491
674,392
291,401
724,584
78,29
428,287
803,232
342,122
474,661
238,701
484,107
391,893
105,470
513,433
268,250
488,482
332,766
584,660
280,417
178,576
469,175
383,334
218,390
671,739
583,650
20,44
532,261
924,256
650,755
4,235
342,885
51,917
501,18
507,729
454,436
905,169
41,275
132,384
11,917
365,389
454,195
696,144
427,419
704,224
515,53
597,73
522,659
495,846
107,816
110,286
747,46
151,331
387,46
406,708
336,355
227,213
391,262
467,780
53,964
671,20
94,278
264,767
34,267
784,535
857,347
56,13
392,57
651,749
815,337
365,561
369,835
752,157
517,774
279,494
366,922
414,747
691,695
837,498
732,298
68,96
96,891
74,888
574,379
2,878
883,323
384,84
594,248
305,236
433,630
286,192
868,243
398,327
241,835
86,713
108,675
384,214
556,565
747,453
626,364
97,266
783,228
612,406
847,135
671,656
901,56
545,688
560,411
356,93
32,9
265,280
410,899
155,449
395,553
640,452
717,668
514,35
680,551
700,326
417,511
584,258
762,137
782,412
631,725
399,505
835,449
752,133
61,442
717,159
736,309
458,369
591,493
351,788
179,795
932,43
513,337
448,554
374,386
831,488
761,182
862,504
12,599
374,917
25,798
813,87
429,734
190,323
460,168
757,103
725,218
313,37
272,706
54,266
123,48
604,761
189,576
165,198
680,706
798,68
664,104
363,450
391,527
132,907
450,145
924,217
888,73
755,189
253,966
416,637
743,445
271,244
171,887
850,469
363,194
431,621
350,298
413,58
236,778
798,511
131,970
13,652
360,745
683,594
171,764
765,218
567,575
530,332
265,393
543,504
715,15
269,858
675,554
714,586
513,295
634,157
331,941
426,16
311,336
700,531
107,676
297,329
358,15
635,437
427,303
754,115
538,836
510,131
539,544
457,771
329,401
859,369
569,39
35,770
737,528
207,304
34,720
441,855
784,381
268,257
987,39
98,728
361,210
426,549
226,872
15,978
941,72
948,178
567,631
924,171
427,665
237,882
265,626
473,385
233,41
555,376
98,583
66,165
369,60
85,559
592,633
722,474
194,264
727,236
464,419
830,102
654,613
304,743
718,195
740,251
242,827
79,597
862,239
237,134
245,599
338,149
291,376
498,625
14,677
695,331
435,406
946,74
285,484
105,280
380,118
506,663
564,613
429,200
166,286
323,200
821,121
696,683
764,190
298,603
60,927
105,168
341,29
981,176
115,356
252,617
925,152
833,485
470,18
205,494
512,595
394,384
515,400
854,338
79,74
966,166
349,920
685,20
407,359
358,467
258,265
293,9
567,20
139,860
44,516
246,679
929,21
5,152
318,57
70,397
298,533
41,155
419,563
168,360
598,564
21,708
215,179
430,242
7,114
625,572
602,147
311,80
791,422
971,134
400,678
439,385
565,742
98,433
249,891
756,382
445,34
757,637
634,646
202,885
421,864
200,664
717,409
413,807
658,16
102,905
278,337
256,664
210,658
153,942
780,168
443,526
899,408
148,955
219,723
322,835
104,448
80,809
608,578
125,846
62,309
536,328
588,83
502,54
583,389
265,684
594,304
810,107
684,410
31,34
872,247
407,116
461,855
569,680
501,552
378,160
208,140
506,191
238,434
52,171
181,17
809,541
737,127
107,895
511,347
678,500
6,951
651,555
767,413
869,29
474,572
71,608
620,585
11,987
958,261
807,36
617,618
412,788
352,769
241,944
382,495
846,363
316,551
870,324
240,361
575,780
80,320
614,502
372,813
835,4
739,136
70,578
891,437
578,416
635,731
645,209
354,599
746,595
215,640
189,355
185,591
814,214
474,152
588,718
594,22
876,58
239,163
463,250
297,797
364,684
348,81
183,307
161,413
222,320
665,60
621,778
144,81
306,178
201,536
284,319
69,888
331,363
154,367
372,868
19,823
977,167
360,341
599,449
97,73
776,76
110,430
220,943
765,146
85,464
928,202
650,130
591,311
523,733
236,519
12,283
125,254
116,432
74,769
333,788
49,60
586,505
813,355
822,210
846,485
348,465
722,129
365,723
847,61
757,206
40,630
777,16
495,605
218,820
87,635
135,293
607,733
64,531
220,110
704,90
955,103
230,72
172,964
194,832
481,231
201,831
337,102
680,558
235,399
580,812
25,634
38,587
45,430
589,602
726,595
388,391
502,786
719,517
395,610
67,381
650,640
640,759
506,559
550,246
275,773
256,851
326,283
84,840
102,975
362,139
659,101
449,706
588,403
387,470
725,27
24,969
714,658
392,828
233,705
12,73
704,587
180,379
274,381
98,444
514,65
676,667
642,422
24,338
663,410
253,761
499,247
946,84
524,9
433,803
520,287
903,265
768,23
36,883
547,130
88,276
596,388
54,283
39,468
248,104
17,321
271,48
618,155
612,691
40,208
930,172
298,604
389,427
815,16
767,444
555,433
698,587
934,327
224,412
48,905
559,110
192,469
157,404
76,258
219,930
643,258
97,823
125,640
507,671
578,741
756,621
762,544
178,150
493,764
252,157
345,579
884,445
180,863
255,307
492,677
208,126
650,150
789,52
642,186
707,517
881,111
10,263
20,630
593,438
34,249
987,151
240,151
177,843
758,133
776,607
838,129
668,5
8,993
938,242
870,373
930,301
381,591
978,92
399,731
176,485
84,53
2,79
68,638
563,535
705,222
312,252
764,595
925,119
555,426
112,920
672,346
756,157
44,29
389,591
899,140
613,761
385,547
586,650
952,138
175,723
102,542
754,394
490,456
219,483
236,83
400,79
53,311
523,790
71,411
632,599
103,120
378,222
583,652
731,441
713,218
468,223
440,515
28,809
596,746
794,153
196,920
489,336
272,465
420,412
424,758
536,796
658,632
868,135
901,266
199,690
234,592
974,126
79,113
763,269
655,569
179,896
509,395
402,284
656,692
904,348
309,586
60,270
422,899
705,86
370,614
184,137
247,135
122,338
817,118
492,622
621,763
60,464
370,801
86,7
500,342
634,592
644,749
453,687
387,137
223,823
119,85
347,866
930,306
71,318
236,282
661,55
300,647
923,352
787,524
221,52
446,134
164,218
8,146
212,459
836,25
29,882
377,792
305,45
554,313
25,51
153,485
598,647
137,134
663,666
251,592
776,606
326,747
579,726
398,641
117,130
294,292
608,407
193,19
55,688
122,960
625,194
234,43
332,401
2,931
119,186
835,522
962,94
554,411
440,186
506,542
29,333
212,350
716,672
512,55
37,131
5,891
340,18
125,751
365,805
178,198
662,522
734,466
222,549
692,589
89,409
436,151
162,747
153,745
331,341
610,504
530,739
91,21
553,256
677,512
377,446
636,652
463,397
749,467
220,154
518,106
578,769
164,472
310,255
275,330
305,211
88,52
511,273
389,869
703,541
107,134
492,800
433,610
504,355
788,28
370,612
765,81
840,90
299,836
319,507
769,559
601,706
62,810
930,64
560,739
342,170
16,971
427,649
147,351
701,118
87,666
457,255
562,313
857,74
173,584
830,240
82,961
333,376
782,364
150,828
281,376
142,935
549,138
882,305
207,919
603,224
608,222
395,65
277,728
649,659
986,28
352,789
506,749
849,334
541,735
806,529
236,228
16,151
266,32
30,745
613,287
324,436
758,436
230,247
98,911
487,270
277,531
940,336
129,665
907,297
572,219
202,558
888,245
599,436
467,749
83,985
232,739
337,331
83,142
263,163
834,111
733,680
368,584
199,679
480,11
251,609
678,668
279,649
416,291
415,96
731,18
100,823
514,679
216,360
425,886
389,457
233,959
444,31
311,741
971,139
752,604
14,912
469,280
324,670
619,215
398,838
152,133
552,380
328,795
725,109
204,526
346,696
637,358
932,3
48,534
509,235
863,208
149,825
335,498
894,179
740,98
267,739
325,527
557,508
696,486
795,543
687,529
91,946
225,962
422,609
216,326
372,318
76,539
692,524
234,296
587,425
446,688
566,784
237,382
491,559
667,708
804,336
562,650
890,186
279,409
5,215
112,267
132,822
114,141
699,572
688,580
52,68
434,13
521,461
291,257
532,452
379,301
650,376
300,715
355,392
3,441
435,336
127,568
958,191
821,393
314,439
816,574
530,584
430,464
253,768
747,272
842,16
30,656
133,36
411,134
609,193
353,407
478,875
195,854
18,776
473,391
258,921
531,294
35,298
163,358
803,162
207,351
483,256
450,164
590,627
342,801
743,433
146,158
567,428
731,377
267,338
35,566
596,392
756,544
904,410
524,80
918,46
373,850
211,248
202,38
499,592
119,872
80,123
254,295
127,491
837,254
874,392
342,162
702,606
522,20
232,480
388,32
635,554
141,445
429,888
248,507
347,729
1,700
315,116
800,79
136,140
15,271
488,81
618,371
477,719
312,695
800,394
208,548
14,766
275,55
509,238
206,606
95,501
584,562
138,677
728,242
139,690
26,138
343,323
957,254
466,230
409,565
134,342
336,263
826,191
12,637
256,197
175,882
316,555
326,873
729,158
135,57
796,89
80,806
901,179
837,513
345,585
20,338
195,270
361,659
54,243
218,809
639,357
989,86
719,116
117,155
181,106
556,385
18,791
281,801
538,634
352,436
111,806
85,502
765,316
222,197
701,459
209,920
970,127
894,181
318,428
315,940
371,198
123,518
276,877
216,970
509,97
179,291
508,46
161,38
798,551
971,19
213,283
733,558
75,618
558,200
844,132
45,878
332,27
812,159
325,610
322,589
62,91
218,495
334,841
215,324
519,307
587,188
943,289
597,56
86,577
603,679
357,887
664,262
406,10
66,492
597,152
554,552
432,711
168,831
671,707
541,771
459,10
147,404
146,80
442,187
51,135
49,574
530,781
735,228
441,518
792,65
238,290
334,729
241,271
820,542
465,486
855,127
252,299
371,884
551,677
593,668
295,260
46,34
64,104
801,141
227,506
143,974
424,2
410,180
800,51
259,351
499,514
44,314
386,266
478,417
338,116
644,229
683,699
450,380
78,467
342,750
124,655
171,84
635,588
207,453
368,180
193,701
243,473
497,638
26,240
52,691
25,558
319,480
167,674
256,865
35,392
740,177
881,177
380,76
229,962
58,500
223,356
101,825
402,730
753,408
496,221
525,281
598,231
392,848
89,236
966,49
806,22
152,453
260,619
274,878
192,604
359,262
350,607
185,593
321,693
93,104
372,589
827,185
201,786
409,329
574,91
317,305
600,591
353,810
23,842
121,847
489,833
896,70
74,982
144,970
505,256
321,64
1,483
217,406
715,304
544,166
510,529
384,338
874,213
206,255
735,140
911,367
116,987
516,223
679,719
710,388
324,929
421,128
225,454
324,647
423,188
711,160
643,677
94,986
162,366
444,614
201,244
650,217
265,446
904,277
102,805
558,320
105,873
840,132
22,325
581,584
573,131
757,509
677,615
612,146
179,860
114,280
109,565
923,343
276,158
617,254
374,207
417,71
806,114
583,281
356,584
891,424
257,94
315,373
727,265
914,316
651,462
538,342
415,670
408,292
286,820
942,265
362,268
286,728
820,520
642,642
637,671
758,27
575,11
884,397
842,42
713,414
541,77
433,637
521,297
950,9
713,506
575,114
608,778
666,395
847,515
763,268
648,493
459,208
175,288
148,352
457,559
848,114
588,497
10,362
534,717
20,490
391,33
347,111
825,343
510,708
89,545
629,722
116,587
397,598
841,43
21,161
457,544
78,612
30,621
605,709
273,45
839,333
165,96
457,402
598,246
710,531
409,24
326,685
163,692
569,770
685,144
531,389
202,172
835,549
919,173
221,316
101,978
128,270
537,388
525,286
756,527
142,489
691,574
493,751
313,262
271,264
654,17
483,815
35,716
240,815
260,157
45,33
164,770
533,191
517,603
736,54
337,244
41,237
125,179
132,517
492,344
198,15
545,378
449,656
666,456
313,101
508,305
300,188
541,727
788,420
350,884
916,33
696,596
363,639
286,845
333,816
459,303
702,625
576,195
451,546
732,191
815,276
618,770
428,248
123,389
656,120
287,422
12,451
465,569
58,811
622,42
730,569
310,345
444,751
629,407
811,153
735,213
207,708
327,627
559,671
97,137
36,142
600,523
700,278
525,498
139,55
594,326
380,160
847,179
95,192
63,66
855,310
523,421
283,926
639,2
795,251
341,199
218,518
133,356
21,85
475,848
63,207
702,561
113,382
762,478
175,519
496,351
506,468
268,310
163,108
626,49
289,787
824,381
764,175
234,685
596,49
175,808
275,134
730,525
369,442
758,216
871,264
578,214
659,479
148,234
266,540
475,480
3,315
864,503
76,375
672,453
183,837
776,244
702,456
880,222
341,656
889,147
148,448
654,28
827,539
120,72
417,139
506,187
11,497
164,563
102,744
90,342
276,77
567,537
314,521
565,599
139,568
756,394
473,830
837,138
669,28
463,81
92,832
575,282
829,486
482,863
329,719
94,256
646,91
614,12
717,38
629,515
590,689
74,847
45,634
291,411
138,756
514,520
470,522
442,514
700,218
294,211
273,480
591,498
141,955
651,205
353,63
374,175
30,82
396,535
73,300
683,25
156,502
165,84
193,154
160,592
174,929
470,117
778,312
951,173
769,23
314,466
718,236
699,323
158,901
735,25
391,496
331,349
25,350
459,233
888,276
418,902
124,83
812,261
257,616
965,141
395,774
317,867
162,605
224,95
213,99
192,421
305,478
849,358
435,784
467,201
57,840
39,387
358,570
549,656
400,282
23,184
360,93
278,749
33,472
830,76
743,420
363,579
570,483
962,229
373,880
853,439
32,907
243,332
325,627
468,380
324,634
420,668
300,684
512,345
406,374
898,84
693,233
353,501
40,166
923,149
683,26
57,570
528,455
363,793
573,397
295,846
60,656
457,674
642,499
240,202
120,363
673,202
808,143
209,105
471,848
299,133
565,810
270,710
748,286
621,150
84,61
432,550
262,489
415,763
70,527
309,408
404,842
471,770
279,835
340,369
298,157
344,908
838,360
939,314
1,266
189,287
613,787
134,113
463,613
450,297
354,739
583,516
69,164
376,273
122,732
378,766
133,195
758,528
549,132
518,522
47,319
452,3
259,136
560,360
327,693
170,344
294,886
363,205
622,44
35,813
721,507
615,230
698,515
20,888
746,457
586,189
347,762
126,620
237,390
31,136
421,515
554,221
97,536
508,684
448,364
251,6
830,416
846,122
821,28
